dq_change: [1.0, 0.0, 0.0, 0.0, 0.0, 0.12553421133338405, -0.0011049507849924187,
  0.04023035523529263]
translation: [0.12553421133338405, -0.0011049507849924187, 0.04023035523529263]
