dq_change: [1.0, 0.0, 0.0, 0.0, 0.0, 0.125549774742768, -0.0014305820969132618, 0.039882173965443204]
translation: [0.125549774742768, -0.0014305820969132618, 0.039882173965443204]
