dq_change: [1.0, 0.0, 0.0, 0.0, 0.0, 0.1460282352816037, -0.006659164215964136, 0.037586159666678984]
translation: [0.1460282352816037, -0.006659164215964136, 0.037586159666678984]
