dq_change: [1.0, 0.0, 0.0, 0.0, 0.0, 0.14581846490788053, -0.005774490040758789, 0.03604676425509849]
translation: [0.14581846490788053, -0.005774490040758789, 0.03604676425509849]
